16892
19082
63865
50086
23845
41592
33725
42527
7044
27853
3010
8843
57231
29414
4722
59460
29125
52638
3143
18697
44923
55684
64602
40828
52818
58513
19259
15262
9979
65403
51676
25957
39922
10685
21196
19737
62692
22246
49243
28774
31428
12742
25605
61784
58516
44944
62949
6837
11933
25914
10599
15067
20158
38311
516
42183
15754
19117
26332
62695
28375
46858
49628
16141
22975
5952
5558
581
61953
19437
33015
16670
8034
15761
43733
59093
5512
34808
56175
22201
33777
65336
15412
10370
37968
59689
55656
21814
37440
39249
55921
33351
29644
53767
5873
24137
45889
32951
47627
47714
31320
15626
18118
61254
53524
18158
46959
19160
47636
32562
413
32311
5917
11495
22553
61928
9357
52
40661
20592
61205
7445
43595
44573
36066
34496
50894
18561
8272
49788
19503
40962
55085
14267
35388
33703
41907
46775
29294
51658
21847
44924
3368
49437
54294
19748
64888
43866
31397
44127
16268
47094
8202
21918
35868
18303
8355
39483
45232
45653
18237
19848
291
13657
37184
61075
17843
65329
31478
55819
8463
65328
27452
44440
32485
3588
28259
4805
50228
13889
16178
41022
746
20993
32951
6227
39109
20797
29938
48134
22975
23741
45125
44654
38800
41337
41452
64842
7446
64096
62248
5508
7557
26916
64212
32023
26285
31695
59163
11281
4923
25323
62420
56305
61588
50536
34698
62477
43800
55775
29671
13069
11902
11057
48658
62787
1484
50841
14654
40400
41611
40348
12005
39272
31800
17631
11701
5551
54085
11344
38871
35629
25872
6984
29644
51899
37790
28288
30205
21962
60331
64685
58794
23397
49455
62149
27440
65179
62696
41301
39184
20060
14367
29343
2517
5849
7705
54324
48206
63885
32587
10217
17076
53139
39252
5806
51604
37264
39604
19707
44497
61023
2457
35753
40777
29988
34118
33360
19594
7536
35000
28909
34085
59525
3692
36562
12386
62986
45030
35864
34628
23716
15135
45612
42825
20606
54098
38555
55676
3752
54603
35538
11082
55593
41044
58008
9878
17458
34761
25483
22754
42524
62690
10382
51261
43339
49223
38576
40054
36208
5747
44064
58828
23812
37834
38784
7331
18530
25993
44151
24897
2580
3521
7199
42086
960
19049
25345
19200
279
42178
54577
62797
55881
24286
43405
20024
43568
2919
6700
63282
55795
51194
48902
10501
52261
14063
62401
45116
41306
18994
34904
52391
5963
16529
63490
52504
22186
57678
6449
13163
6868
47524
32295
50857
46559
36106
18092
21288
19272
9745
51726
24490
14370
37472
33831
54353
2368
37806
61923
18936
58011
43215
20669
24341
42944
45173
27270
16516
7947
27178
2615
24847
18863
21686
22937
51230
7421
58031
4189
10095
3656
12736
1624
5790
40547
20095
49673
2736
27805
14480
1171
21789
48871
59571
858
12847
52850
22420
65404
36660
14679
12191
43759
10057
29445
24961
23583
9872
60134
10508
27140
2264
25245
19153
17831
36662
55333
117
33243
45337
50151
28277
6107
28238
50174
53388
57042
35181
13438
13739
34405
62042
32005
34965
65532
6272
56865
21042
20956
24863
25074
42335
26676
37040
57978
46381
54678
25784
16916
58598
13304
50644
24444
36982
15297
38534
43792
13036
54653
64186
48819
64312
44878
9217
59714
52228
59088
59383
14858
17932
30114
11934
31877
64497
30713
14051
33004
42481
29725
46405
34633
60239
15719
27862
12480
41176
18411
27407
51760
42964
35112
60424
25633
37283
49332
56398
4769
61883
1962
16554
62551
44239
16660
43023
40702
24607
53012
27156
10477
10778
16887
24979
57213
7495
28256
12569
31088
39663
63554
57983
9925
54078
20440
58862
46509
104
58984
29623
20941
24624
61594
4391
24829
59167
62920
14362
10920
37220
9534
48308
19825
43565
36353
45478
20027
29394
57803
64247
35825
524
657
3762
43260
47273
49548
15172
38563
12097
39276
10812
13116
26436
55681
52329
13096
25588
24424
53130
29103
9569
13933
42787
60031
35555
63903
56970
25362
37794
50628
15235
7333
11622
42282
25535
61497
39838
20225
34229
42567
1360
41180
37796
42978
59407
37143
8114
50950
47869
20181
57029
35853
40684
36370
24260
30525
27348
30234
270
64197
1385
36125
52451
42046
53507
11909
1018
18573
60735
24942
30561
55911
25930
11209
43188
30433
43438
4839
40293
48285
17425
20041
37961
36228
53781
7007
16921
18695
32027
39684
58748
33154
18205
2526
1963
21260
17313
64998
37095
16675
50893
33614
33141
51950
34464
33824
64874
28731
56069
18008
56541
25500
43924
3703
57377
40071
5426
3717
23006
59261
33032
54685
17495
13837
22854
61642
36153
5457
422
31993
313
25526
28982
4633
53186
11895
11176
55944
39994
57479
16783
26280
36685
30766
995
3249
48227
27186
48874
32503
28449
53654
54981
61744
57359
60920
13126
17886
18184
10386
60674
37500
64456
36096
31133
63761
6491
2012
13514
43849
1602
50590
38185
37876
2453
45258
54206
61957
15017
35644
28989
23217
13919
13235
12544
30838
1984
56020
42404
12757
6931
49646
51742
3546
14222
26157
53985
62712
50730
1224
4264
15402
55434
17489
35030
3382
49949
40197
41393
11109
54923
12771
45455
7794
3993
3761
25496
28668
65259
53342
10579
49321
54567
17767
31172
35791
24734
32591
33838
57563
59792
36174
35142
45907
38457
57114
142
37705
18863
21863
31872
15042
36121
51431
19891
55043
56181
20474
53060
59775
51758
35768
7170
2326
50499
36413
28683
21517
547
35532
25728
35794
37372
1141
28216
18225
6099
60877
62471
29930
10837
31802
143
16692
14675
61300
3571
60280
25936
23193
59967
61525
57601
31639
59744
15643
37615
51258
59455
45018
62805
14805
25393
38845
60803
47566
39883
1879
8049
54861
32380
50107
20268
3933
23116
16921
46504
22041
13339
12403
57951
33096
26097
20167
17515
35189
41322
9085
50581
23046
21963
14772
54643
14802
56706
57614
50046
3074
57133
48737
37371
34361
39805
12867
21059
35607
50586
40759
17001
64694
18307
50274
1476
61829
29081
44155
31428
25540
31665
31304
33248
24698
37414
42483
63682
53978
33060
61316
49953
15466
14232
27861
54627
44449
4275
6899
17780
56806
2619
19937
45386
20852
44569
13512
10669
36775
39415
34255
61542
51488
51114
49744
64526
15088
18360
33898
28291
42785
15301
61425
10007
29595
62589
56579
54236
15034
1197
12326
28476
44374
30011
17683
54744
45231
37484
27767
3432
17383
50678
31808
